	REAL_TIME: 0.240000l
	USER_TIME: 0.030000l
	SYSTEM_TIME: 0.010000l
