	REAL_TIME: 2.670000l
	USER_TIME: 0.410000l
	SYSTEM_TIME: 0.230000l
