	REAL_TIME: 1.260000l
	USER_TIME: 0.400000l
	SYSTEM_TIME: 0.790000l
