	REAL_TIME: 0.280000l
	USER_TIME: 0.120000l
	SYSTEM_TIME: 0.130000l
