	REAL_TIME: 2.030000l
	USER_TIME: 0.470000l
	SYSTEM_TIME: 0.610000l
