	REAL_TIME: 5.850000l
	USER_TIME: 1.810000l
	SYSTEM_TIME: 2.420000l
