	REAL_TIME: 0.060000l
	USER_TIME: 0.050000l
	SYSTEM_TIME: 0.000000l
