	REAL_TIME: 0.080000l
	USER_TIME: 0.040000l
	SYSTEM_TIME: 0.010000l
