	REAL_TIME: 0.470000l
	USER_TIME: 0.150000l
	SYSTEM_TIME: 0.310000l
